[17828661660, 39492181164, 5257932.200008992, 28879388.80018508]
[48049866480, 106400710704, 14166600.60025666, 77810582.40009241]
[47725807560, 105703441920, 14075293.00025412, 77309072.00013302]
[17780474460, 39456763572, 5257932.200008992, 28879388.80018508]
[48142747308, 106343608872, 14166600.60025666, 77810582.40009241]
[47849648664, 105703682856, 14075293.00025412, 77309072.00013302]
[17836371612, 39454354212, 5257932.200008992, 28879388.80018508]
[48026375220, 106262052036, 14166600.60025666, 77810582.40009241]
[47800015848, 105662844204, 14075293.00025412, 77309072.00013302]
[17816735328, 39473870028, 5257932.200008992, 28879388.80018508]
[48050950692, 106408300188, 14166600.60025666, 77810582.40009241]
[47841336372, 105596104932, 14075293.00025412, 77309072.00013302]
[17803845252, 39473749560, 5257932.200008992, 28879388.80018508]
[48091668876, 106450945860, 14166600.60025666, 77810582.40009241]
[47793149172, 105679950660, 14075293.00025412, 77309072.00013302]
[17849382156, 39464834928, 5257932.200008992, 28879388.80018508]
[48103956612, 106410468612, 14166600.60025666, 77810582.40009241]
[47756406432, 105679589256, 14075293.00025412, 77309072.00013302]
[17828541192, 39471219732, 5257932.200008992, 28879388.80018508]
[48069623232, 106480099116, 14166600.60025666, 77810582.40009241]
[47831698932, 105695731968, 14075293.00025412, 77309072.00013302]
[17889738936, 39460859484, 5257932.200008992, 28879388.80018508]
[48163829208, 106301565540, 14166600.60025666, 77810582.40009241]
[47788812324, 105713561232, 14075293.00025412, 77309072.00013302]
[17864802060, 39498686436, 5257932.200008992, 28879388.80018508]
[48045891036, 106362160944, 14166600.60025666, 77810582.40009241]
[47819170260, 105682721424, 14075293.00025412, 77309072.00013302]
[17818180944, 39457124976, 5257932.200008992, 28879388.80018508]
[48158408148, 106338549216, 14166600.60025666, 77810582.40009241]
[47800256784, 105574661628, 14075293.00025412, 77309072.00013302]
[17811314268, 39449174088, 5257932.200008992, 28879388.80018508]
[48094198704, 106394687304, 14166600.60025666, 77810582.40009241]
[47830012380, 105669229008, 14075293.00025412, 77309072.00013302]
[17852032452, 39478809216, 5257932.200008992, 28879388.80018508]
[48168166056, 106368425280, 14166600.60025666, 77810582.40009241]
[47730987684, 105680071128, 14075293.00025412, 77309072.00013302]
[17869982184, 39426526104, 5257932.200008992, 28879388.80018508]
[48108293460, 106353246312, 14166600.60025666, 77810582.40009241]
[47808689544, 105602971608, 14075293.00025412, 77309072.00013302]
[17873114352, 39443873496, 5257932.200008992, 28879388.80018508]
[48046613844, 106360715328, 14166600.60025666, 77810582.40009241]
[47781102372, 105697177584, 14075293.00025412, 77309072.00013302]
[17840347056, 39461100420, 5257932.200008992, 28879388.80018508]
[48024447732, 106367702472, 14166600.60025666, 77810582.40009241]
[47795438064, 105699948348, 14075293.00025412, 77309072.00013302]
[17854321344, 39456281700, 5257932.200008992, 28879388.80018508]
[48177683028, 106409745804, 14166600.60025666, 77810582.40009241]
[47859165636, 105639593880, 14075293.00025412, 77309072.00013302]
[17881788048, 39504107496, 5257932.200008992, 28879388.80018508]
[48111546096, 106293132780, 14166600.60025666, 77810582.40009241]
[47820013536, 105720066504, 14075293.00025412, 77309072.00013302]
[17843238288, 39470015052, 5257932.200008992, 28879388.80018508]
[48102992868, 106310962044, 14166600.60025666, 77810582.40009241]
[47793510576, 105686455932, 14075293.00025412, 77309072.00013302]
[17836371612, 39419298024, 5257932.200008992, 28879388.80018508]
[48169009332, 106302770220, 14166600.60025666, 77810582.40009241]
[47788571388, 105652965828, 14075293.00025412, 77309072.00013302]
[17871548268, 39514347276, 5257932.200008992, 28879388.80018508]
[48033844236, 106411552824, 14166600.60025666, 77810582.40009241]
[47734963128, 105748376484, 14075293.00025412, 77309072.00013302]
[17838540036, 39503866560, 5257932.200008992, 28879388.80018508]
[48150577728, 106349391336, 14166600.60025666, 77810582.40009241]
[47750985372, 105648628980, 14075293.00025412, 77309072.00013302]
[17804447592, 39561450264, 5257932.200008992, 28879388.80018508]
[48072273528, 106372882596, 14166600.60025666, 77810582.40009241]
[47786041560, 105741991680, 14075293.00025412, 77309072.00013302]
[17774210124, 39485194020, 5257932.200008992, 28879388.80018508]
[48015292164, 106321201824, 14166600.60025666, 77810582.40009241]
[47680632060, 105774156636, 14075293.00025412, 77309072.00013302]
[17857694448, 39467605692, 5257932.200008992, 28879388.80018508]
[48141904032, 106366979664, 14166600.60025666, 77810582.40009241]
[47750021628, 105680793936, 14075293.00025412, 77309072.00013302]
[17818301412, 39444957708, 5257932.200008992, 28879388.80018508]
[48038181084, 106375051020, 14166600.60025666, 77810582.40009241]
[47876392560, 105697418520, 14075293.00025412, 77309072.00013302]
[17818421880, 39440982264, 5257932.200008992, 28879388.80018508]
[48036133128, 106383965652, 14166600.60025666, 77810582.40009241]
[47828566764, 105634654692, 14075293.00025412, 77309072.00013302]
[17797099044, 39490494612, 5257932.200008992, 28879388.80018508]
[48081429096, 106345536360, 14166600.60025666, 77810582.40009241]
[47773031016, 105722475864, 14075293.00025412, 77309072.00013302]
[17860465212, 39453631404, 5257932.200008992, 28879388.80018508]
[48109618608, 106329152712, 14166600.60025666, 77810582.40009241]
[47896872120, 105668265264, 14075293.00025412, 77309072.00013302]
[17840587992, 39474351900, 5257932.200008992, 28879388.80018508]
[48100824444, 106373003064, 14166600.60025666, 77810582.40009241]
[47814231072, 105666337776, 14075293.00025412, 77309072.00013302]
[17843479224, 39444837240, 5257932.200008992, 28879388.80018508]
[48145759008, 106358305968, 14166600.60025666, 77810582.40009241]
[47755683624, 105651279276, 14075293.00025412, 77309072.00013302]
[17809386780, 39487964784, 5257932.200008992, 28879388.80018508]
[48170093544, 106343006532, 14166600.60025666, 77810582.40009241]
[47792546832, 105639112008, 14075293.00025412, 77309072.00013302]
[17894919060, 39484953084, 5257932.200008992, 28879388.80018508]
[48132627996, 106351921164, 14166600.60025666, 77810582.40009241]
[47865068568, 105717054804, 14075293.00025412, 77309072.00013302]
[17895039528, 39424719084, 5257932.200008992, 28879388.80018508]
[48105522696, 106327827564, 14166600.60025666, 77810582.40009241]
[47875428816, 105649472256, 14075293.00025412, 77309072.00013302]
[17938769412, 39449896896, 5257932.200008992, 28879388.80018508]
[48006016128, 106293012312, 14166600.60025666, 77810582.40009241]
[47765682468, 105664410288, 14075293.00025412, 77309072.00013302]
[17850707304, 39453751872, 5257932.200008992, 28879388.80018508]
[48074321484, 106393723560, 14166600.60025666, 77810582.40009241]
[47696292900, 105684889848, 14075293.00025412, 77309072.00013302]
[17899978716, 39488085252, 5257932.200008992, 28879388.80018508]
[48089861856, 106390952796, 14166600.60025666, 77810582.40009241]
[47771585400, 105691636056, 14075293.00025412, 77309072.00013302]
[17862031296, 39467967096, 5257932.200008992, 28879388.80018508]
[48159130956, 106317467316, 14166600.60025666, 77810582.40009241]
[47734360788, 105662964672, 14075293.00025412, 77309072.00013302]
[17903472288, 39466882884, 5257932.200008992, 28879388.80018508]
[48096487596, 106412877972, 14166600.60025666, 77810582.40009241]
[47869646352, 105656579868, 14075293.00025412, 77309072.00013302]
[17872271076, 39450981108, 5257932.200008992, 28879388.80018508]
[48154071300, 106353487248, 14166600.60025666, 77810582.40009241]
[47749298820, 105684769380, 14075293.00025412, 77309072.00013302]
[17893955316, 39512419788, 5257932.200008992, 28879388.80018508]
[48059503920, 106435766892, 14166600.60025666, 77810582.40009241]
[47864466228, 105596225400, 14075293.00025412, 77309072.00013302]
[17767463916, 39441464136, 5257932.200008992, 28879388.80018508]
[48054323796, 106306143324, 14166600.60025666, 77810582.40009241]
[47680391124, 105656338932, 14075293.00025412, 77309072.00013302]
[17871066396, 39443632560, 5257932.200008992, 28879388.80018508]
[48078055992, 106317828720, 14166600.60025666, 77810582.40009241]
[47896510716, 105712236084, 14075293.00025412, 77309072.00013302]
[17860224276, 39453631404, 5257932.200008992, 28879388.80018508]
[48028423176, 106393964496, 14166600.60025666, 77810582.40009241]
[47776163184, 105620078064, 14075293.00025412, 77309072.00013302]
[17955153060, 39501577668, 5257932.200008992, 28879388.80018508]
[48060106260, 106358667372, 14166600.60025666, 77810582.40009241]
[47796763212, 105731992836, 14075293.00025412, 77309072.00013302]
[17813723628, 39472303944, 5257932.200008992, 28879388.80018508]
[48117449028, 106285422828, 14166600.60025666, 77810582.40009241]
[47836276716, 105637907328, 14075293.00025412, 77309072.00013302]
[17854441812, 39486157764, 5257932.200008992, 28879388.80018508]
[48150216324, 106301445072, 14166600.60025666, 77810582.40009241]
[47841456840, 105646099152, 14075293.00025412, 77309072.00013302]
[17840226588, 39485916828, 5257932.200008992, 28879388.80018508]
[48054203328, 106391675604, 14166600.60025666, 77810582.40009241]
[47700991152, 105739461852, 14075293.00025412, 77309072.00013302]
[17842274544, 39460498080, 5257932.200008992, 28879388.80018508]
[48029507388, 106314696552, 14166600.60025666, 77810582.40009241]
[47610760620, 105590081532, 14075293.00025412, 77309072.00013302]
[17823240600, 39448571748, 5257932.200008992, 28879388.80018508]
[48025291008, 106331200668, 14166600.60025666, 77810582.40009241]
[47694124476, 105741027936, 14075293.00025412, 77309072.00013302]
[17902629012, 39443993964, 5257932.200008992, 28879388.80018508]
[48245747448, 106286747976, 14166600.60025666, 77810582.40009241]
[47807243928, 105589961064, 14075293.00025412, 77309072.00013302]
[17886847704, 39497361288, 5257932.200008992, 28879388.80018508]
[48137205780, 106286988912, 14166600.60025666, 77810582.40009241]
[47854949256, 105649472256, 14075293.00025412, 77309072.00013302]
[17818060476, 39494229120, 5257932.200008992, 28879388.80018508]
[48126966000, 106401313044, 14166600.60025666, 77810582.40009241]
[47856153936, 105682721424, 14075293.00025412, 77309072.00013302]
[17848659348, 39487121508, 5257932.200008992, 28879388.80018508]
[48141422160, 106324333992, 14166600.60025666, 77810582.40009241]
[47848443984, 105648388044, 14075293.00025412, 77309072.00013302]
[17846009052, 39482061852, 5257932.200008992, 28879388.80018508]
[48057817368, 106302649752, 14166600.60025666, 77810582.40009241]
[47731830960, 105640678092, 14075293.00025412, 77309072.00013302]
[17813723628, 39441946008, 5257932.200008992, 28879388.80018508]
[48109257204, 106391675604, 14166600.60025666, 77810582.40009241]
[47734481256, 105620921340, 14075293.00025412, 77309072.00013302]
[17792159856, 39462425568, 5257932.200008992, 28879388.80018508]
[48081429096, 106361679072, 14166600.60025666, 77810582.40009241]
[47720386500, 105674529600, 14075293.00025412, 77309072.00013302]
[17859381000, 39515551956, 5257932.200008992, 28879388.80018508]
[48041433720, 106333248624, 14166600.60025666, 77810582.40009241]
[47848323516, 105798370704, 14075293.00025412, 77309072.00013302]
[17839503780, 39467485224, 5257932.200008992, 28879388.80018508]
[48141181224, 106377580848, 14166600.60025666, 77810582.40009241]
[47773633356, 105725126160, 14075293.00025412, 77309072.00013302]
[17829143532, 39450258300, 5257932.200008992, 28879388.80018508]
[48102751932, 106348788996, 14166600.60025666, 77810582.40009241]
[47780500032, 105662362332, 14075293.00025412, 77309072.00013302]
[17812278012, 39502782348, 5257932.200008992, 28879388.80018508]
[48025772880, 106389989052, 14166600.60025666, 77810582.40009241]
[47751467244, 105725487564, 14075293.00025412, 77309072.00013302]
[17849502624, 39453270000, 5257932.200008992, 28879388.80018508]
[48157805808, 106323490716, 14166600.60025666, 77810582.40009241]
[47788691856, 105707176428, 14075293.00025412, 77309072.00013302]
[17864079252, 39496397544, 5257932.200008992, 28879388.80018508]
[48234543924, 106335296580, 14166600.60025666, 77810582.40009241]
[47856033468, 105746810400, 14075293.00025412, 77309072.00013302]
[17788907220, 39483387000, 5257932.200008992, 28879388.80018508]
[48080585820, 106285784232, 14166600.60025666, 77810582.40009241]
[47803509420, 105708742512, 14075293.00025412, 77309072.00013302]
[17826613704, 39459654804, 5257932.200008992, 28879388.80018508]
[48050468820, 106347343380, 14166600.60025666, 77810582.40009241]
[47775681312, 105608633604, 14075293.00025412, 77309072.00013302]
[17889257064, 39428574060, 5257932.200008992, 28879388.80018508]
[48144433860, 106409866272, 14166600.60025666, 77810582.40009241]
[47772067272, 105634775160, 14075293.00025412, 77309072.00013302]
[17871307332, 39442186944, 5257932.200008992, 28879388.80018508]
[48160576572, 106384447524, 14166600.60025666, 77810582.40009241]
[47730264876, 105684046572, 14075293.00025412, 77309072.00013302]
[17874680436, 39540970704, 5257932.200008992, 28879388.80018508]
[47998667580, 106336019388, 14166600.60025666, 77810582.40009241]
[47733397044, 105728137860, 14075293.00025412, 77309072.00013302]
[17896605612, 39465919140, 5257932.200008992, 28879388.80018508]
[48179128644, 106278917556, 14166600.60025666, 77810582.40009241]
[47793028704, 105725848968, 14075293.00025412, 77309072.00013302]
[17889979872, 39433392780, 5257932.200008992, 28879388.80018508]
[48136001100, 106289398272, 14166600.60025666, 77810582.40009241]
[47849407728, 105664410288, 14075293.00025412, 77309072.00013302]
[17839865184, 39505312176, 5257932.200008992, 28879388.80018508]
[48050227884, 106336260324, 14166600.60025666, 77810582.40009241]
[47771223996, 105772831488, 14075293.00025412, 77309072.00013302]
[17806013676, 39496879416, 5257932.200008992, 28879388.80018508]
[48138892332, 106265184204, 14166600.60025666, 77810582.40009241]
[47778452076, 105682600956, 14075293.00025412, 77309072.00013302]
[17821313112, 39499168308, 5257932.200008992, 28879388.80018508]
[48123231492, 106251571320, 14166600.60025666, 77810582.40009241]
[47811821712, 105695370564, 14075293.00025412, 77309072.00013302]
[17787943476, 39493385844, 5257932.200008992, 28879388.80018508]
[48036735468, 106345536360, 14166600.60025666, 77810582.40009241]
[47801220528, 105629233632, 14075293.00025412, 77309072.00013302]
[17896244208, 39431585760, 5257932.200008992, 28879388.80018508]
[48049143672, 106370473236, 14166600.60025666, 77810582.40009241]
[47720988840, 105737293428, 14075293.00025412, 77309072.00013302]
[17840587992, 39488928528, 5257932.200008992, 28879388.80018508]
[48070827912, 106379508336, 14166600.60025666, 77810582.40009241]
[47649430848, 105622005552, 14075293.00025412, 77309072.00013302]
[17914193940, 39466039608, 5257932.200008992, 28879388.80018508]
[48091307472, 106333730496, 14166600.60025666, 77810582.40009241]
[47798570232, 105728619732, 14075293.00025412, 77309072.00013302]
[17796255768, 39493024440, 5257932.200008992, 28879388.80018508]
[48180453792, 106384688460, 14166600.60025666, 77810582.40009241]
[47763393576, 105701032560, 14075293.00025412, 77309072.00013302]
[17906243052, 39471460668, 5257932.200008992, 28879388.80018508]
[48090584664, 106398060408, 14166600.60025666, 77810582.40009241]
[47783511732, 105687299208, 14075293.00025412, 77309072.00013302]
[17845527180, 39482061852, 5257932.200008992, 28879388.80018508]
[48199246800, 106352282568, 14166600.60025666, 77810582.40009241]
[47779777224, 105679830192, 14075293.00025412, 77309072.00013302]
[17849502624, 39495313332, 5257932.200008992, 28879388.80018508]
[48028905048, 106370955108, 14166600.60025666, 77810582.40009241]
[47831096592, 105695129628, 14075293.00025412, 77309072.00013302]
[17901424332, 39490012740, 5257932.200008992, 28879388.80018508]
[48142506372, 106457933004, 14166600.60025666, 77810582.40009241]
[47855069724, 105768494640, 14075293.00025412, 77309072.00013302]
[17838299100, 39515431488, 5257932.200008992, 28879388.80018508]
[48138771864, 106432393788, 14166600.60025666, 77810582.40009241]
[47755201752, 105701755368, 14075293.00025412, 77309072.00013302]
[17817699072, 39451583448, 5257932.200008992, 28879388.80018508]
[48088295772, 106403361000, 14166600.60025666, 77810582.40009241]
[47896028844, 105653447700, 14075293.00025412, 77309072.00013302]
[17828902596, 39420020832, 5257932.200008992, 28879388.80018508]
[48043361208, 106386736416, 14166600.60025666, 77810582.40009241]
[47916869808, 105653206764, 14075293.00025412, 77309072.00013302]
[17864199720, 39486639636, 5257932.200008992, 28879388.80018508]
[48063961236, 106301686008, 14166600.60025666, 77810582.40009241]
[47715326844, 105696093372, 14075293.00025412, 77309072.00013302]
[17877330732, 39457486380, 5257932.200008992, 28879388.80018508]
[48118533240, 106382038164, 14166600.60025666, 77810582.40009241]
[47796401808, 105547797264, 14075293.00025412, 77309072.00013302]
[17812759884, 39492422100, 5257932.200008992, 28879388.80018508]
[48202258500, 106377098976, 14166600.60025666, 77810582.40009241]
[47903859264, 105743557764, 14075293.00025412, 77309072.00013302]
[17841069864, 39417370536, 5257932.200008992, 28879388.80018508]
[48105402228, 106382760972, 14166600.60025666, 77810582.40009241]
[47764357320, 105622366956, 14075293.00025412, 77309072.00013302]
[17861669892, 39462064164, 5257932.200008992, 28879388.80018508]
[48121424472, 106361920008, 14166600.60025666, 77810582.40009241]
[47789053260, 105692238396, 14075293.00025412, 77309072.00013302]
[17848659348, 39445078176, 5257932.200008992, 28879388.80018508]
[48110582352, 106339994832, 14166600.60025666, 77810582.40009241]
[47815556220, 105608995008, 14075293.00025412, 77309072.00013302]
[17866609080, 39444837240, 5257932.200008992, 28879388.80018508]
[48085645476, 106359631116, 14166600.60025666, 77810582.40009241]
[47738577168, 105686094528, 14075293.00025412, 77309072.00013302]
[17885402088, 39505794048, 5257932.200008992, 28879388.80018508]
[48081670032, 106338910620, 14166600.60025666, 77810582.40009241]
[47657984076, 105674891004, 14075293.00025412, 77309072.00013302]
[17841069864, 39483146064, 5257932.200008992, 28879388.80018508]
[48059503920, 106363967964, 14166600.60025666, 77810582.40009241]
[47877717708, 105712356552, 14075293.00025412, 77309072.00013302]
[17846972796, 39488808060, 5257932.200008992, 28879388.80018508]
[48180092388, 106343849808, 14166600.60025666, 77810582.40009241]
[47804955036, 105590804340, 14075293.00025412, 77309072.00013302]
[17845286244, 39445680516, 5257932.200008992, 28879388.80018508]
[48098415084, 106312648596, 14166600.60025666, 77810582.40009241]
[47805316440, 105673083984, 14075293.00025412, 77309072.00013302]
[17844804372, 39457727316, 5257932.200008992, 28879388.80018508]
[48226713504, 106374087276, 14166600.60025666, 77810582.40009241]
[47689667160, 105655736592, 14075293.00025412, 77309072.00013302]
[17847334200, 39479893428, 5257932.200008992, 28879388.80018508]
[48049986948, 106301083668, 14166600.60025666, 77810582.40009241]
[47781102372, 105722114460, 14075293.00025412, 77309072.00013302]
[17865042996, 39497843160, 5257932.200008992, 28879388.80018508]
[48250566168, 106273616964, 14166600.60025666, 77810582.40009241]
[47754599412, 105699466476, 14075293.00025412, 77309072.00013302]
[17888775192, 39472785816, 5257932.200008992, 28879388.80018508]
[48165033888, 106309275492, 14166600.60025666, 77810582.40009241]
[47735083596, 105658868760, 14075293.00025412, 77309072.00013302]
[17819506092, 39425200956, 5257932.200008992, 28879388.80018508]
[48154794108, 106398301344, 14166600.60025666, 77810582.40009241]
[47766646212, 105672481644, 14075293.00025412, 77309072.00013302]
